49   
9    
-30  
-19  
21   
95   
72   
81   
-25  
-13  
-1   
-48  
-19  
-50  
-96  
-37  
-52  
26   
52   
38   
32   
-51  
63   
-91  
38   
64   
82   
19   
35   
-36  
-16  
18   
54   
30   
69   
62   
-58  
-31  
33   
-34  
-21  
-12  
24   
-2   
-82  
-14  
46   
10   
-84  
81   
11   
64   
-38  
96   
-90  
-54  
60   
-61  
-37  
-62  
-63  
77   
59   
-9   
-29  
-56  
26   
-32  
57   
39   
-70  
-54  
-80  
-5   
58   
7    
23   
27   
-62  
-58  
-11  
-73  
92   
77   
23   
-25  
20   
-50  
14   
79   
-11  
-88  
-60  
-56  
88   
-38  
37   
-13  
26   
-45  
-20  
-14  
18   
-45  
44   
71   
-74  
-23  
86   
59   
46   
-80  
20   
2    
-52  
-99  
49   
31   
-16  
-38  
-86  
-2   
89   
-47  
18   
-34  
19   
-83  
83   
65   
-99  
-10  
31   
68   
0    
-50  
80   
-82  
-69  
45   
-55  
-84  
-23  
-90  
-59  
47   
-45  
-19  
-59  
-44  
75   
-50  
10   
-60  
0    
74   
67   
-42  
22   
-59  
-80  
42   
-23  
38   
-20  
92   
-56  
19   
-32  
87   
-33  
75   
-14  
60   
-71  
-87  
94   
47   
80   
97   
-84  
-94  
-23  
68   
0    
-21  
60   
-83  
-8   
32   
-48  
29   
17   
11   
-99  
2    
-54  
-68  
-14  
-95  
53   
-43  
37   
63   
-9   
-85  
-43  
81   
-55  
-37  
17   
74   
-35  
62   
-35  
8    
20   
33   
-58  
70   
64   
-13  
-99  
-26  
98   
16   
40   
-17  
-74  
-72  
52   
-85  
92   
-26  
84   
58   
51   
-78  
78   
71   
-38  
-19  
46   
51   
14   
25   
35   
-29  
-2   
-48  
-96  
96   
33   
6    
38   
87   
22   
-30  
43   
-1   
-83  
-91  
84   
-56  
-19  
38   
69   
-6   
23   
2    
-2   
1    
59   
-3   
-14  
-54  
65   
-34  
-67  
-41  
-87  
4    
43   
-43  
-30  
16   
-66  
-76  
22   
-77  
88   
-11  
-92  
26   
-34  
-7   
-21  
61   
91   
-11  
1    
-6   
-86  
54   
19   
-77  
89   
-18  
87   
-58  
-91  
-70  
-32  
-43  
29   
-30  
64   
-30  
-68  
-11  
-64  
64   
85   
-91  
-54  
10   
59   
87   
28   
-73  
29   
-23  
-17  
74   
-39  
-99  
-55  
-97  
-18  
-77  
5    
-78  
55   
38   
94   
-50  
-18  
67   
-86  
69   
71   
73   
87   
84   
-23  
39   
99   
5    
-48  
-36  
-98  
14   
35   
-35  
69   
-54  
-31  
-44  
-52  
-22  
-93  
58   
-5   
22   
-99  
-14  
-40  
87   
65   
3    
58   
-4   
-47  
-12  
75   
50   
44   
-37  
-82  
-21  
80   
5    
-19  
-98  
-27  
-29  
-53  
14   
68   
13   
-77  
-29  
-4   
-74  
-39  
-54  
88   
-72  
2    
-57  
-97  
6    
55   
23   
23   
10   
58   
3    
-34  
-4   
-57  
-83  
-6   
-37  
62   
-34  
59   
77   
44   
-1   
-10  
2    
-2   
99   
-57  
-100 
-16  
-28  
62   
9    
55   
-68  
-14  
21   
20   
-72  
-48  
-42  
82   
-82  
-97  
45   
85   
-31  
-100 
28   
-33  
84   
18   
78   
-66  
-17  
-72  
-78  
-79  
-80  
52   
-47  
-55  
-22  
91   
-74  
-34  
-44  
74   
36   
69   
-17  
7    
55   
-63  
12   
44   
-29  
-50  
-54  
-55  
10   
27   
99   
-96  
43   
87   
38   
61   
-65  
-53  
-88  
-89  
41   
